M = [-1.000000 -1.000000 0.229947 ;
-0.931035 -1.000000 0.229947 ;
-0.931035 -0.931035 0.198344 ;
-1.000000 -0.931035 0.198344 ;
-0.931035 -1.000000 0.229947 ;
-0.862069 -1.000000 0.229947 ;
-0.862069 -0.931035 0.182505 ;
-0.931035 -0.931035 0.198344 ;
-0.862069 -1.000000 0.229947 ;
-0.793103 -1.000000 0.229947 ;
-0.793103 -0.931035 0.181022 ;
-0.862069 -0.931035 0.182505 ;
-0.793103 -1.000000 0.229947 ;
-0.724138 -1.000000 0.229947 ;
-0.724138 -0.931035 0.181022 ;
-0.793103 -0.931035 0.181022 ;
-0.655172 -1.000000 0.229947 ;
-0.655172 -0.931035 0.181022 ;
-0.655172 -1.000000 0.229947 ;
-0.586207 -1.000000 0.214108 ;
-0.586207 -0.931035 0.175459 ;
-0.655172 -0.931035 0.181022 ;
-0.586207 -1.000000 0.214108 ;
-0.517241 -1.000000 0.200098 ;
-0.517241 -0.931035 0.164867 ;
-0.586207 -0.931035 0.175459 ;
-0.517241 -1.000000 0.200098 ;
-0.448276 -1.000000 0.187915 ;
-0.448276 -0.931035 0.154146 ;
-0.517241 -0.931035 0.164867 ;
-0.448276 -1.000000 0.187915 ;
-0.379310 -1.000000 0.177560 ;
-0.379310 -0.931035 0.144576 ;
-0.448276 -0.931035 0.154146 ;
-0.379310 -1.000000 0.177560 ;
-0.310345 -1.000000 0.169033 ;
-0.310345 -0.931035 0.136533 ;
-0.379310 -0.931035 0.144576 ;
-0.310345 -1.000000 0.169033 ;
-0.241379 -1.000000 0.162334 ;
-0.241379 -0.931035 0.130162 ;
-0.310345 -0.931035 0.136533 ;
-0.241379 -1.000000 0.162334 ;
-0.172414 -1.000000 0.157463 ;
-0.172414 -0.931035 0.125527 ;
-0.241379 -0.931035 0.130162 ;
-0.172414 -1.000000 0.157463 ;
-0.103448 -1.000000 0.154419 ;
-0.103448 -0.931035 0.122661 ;
-0.172414 -0.931035 0.125527 ;
-0.103448 -1.000000 0.154419 ;
-0.034483 -1.000000 0.153204 ;
-0.034483 -0.931035 0.121585 ;
-0.103448 -0.931035 0.122661 ;
-0.034483 -1.000000 0.153204 ;
0.034483 -1.000000 0.153179 ;
0.034483 -0.931035 0.121576 ;
-0.034483 -0.931035 0.121585 ;
0.034483 -1.000000 0.153179 ;
0.103448 -1.000000 0.153179 ;
0.103448 -0.931035 0.121576 ;
0.034483 -0.931035 0.121576 ;
0.172414 -1.000000 0.153179 ;
0.172414 -0.931035 0.121576 ;
0.241379 -1.000000 0.153179 ;
0.241379 -0.931035 0.121576 ;
0.310345 -1.000000 0.153179 ;
0.310345 -0.931035 0.121576 ;
0.379310 -1.000000 0.153179 ;
0.379310 -0.931035 0.121576 ;
0.448276 -1.000000 0.153179 ;
0.448276 -0.931035 0.121576 ;
0.517241 -1.000000 0.153179 ;
0.517241 -0.931035 0.121576 ;
0.586207 -1.000000 0.153179 ;
0.586207 -0.931035 0.121576 ;
0.655172 -1.000000 0.153179 ;
0.655172 -0.931035 0.121576 ;
0.724138 -1.000000 0.153179 ;
0.724138 -0.931035 0.121576 ;
0.793103 -1.000000 0.153179 ;
0.793103 -0.931035 0.121576 ;
0.862069 -1.000000 0.153179 ;
0.862069 -0.931035 0.121576 ;
0.931034 -1.000000 0.153179 ;
0.931034 -0.931035 0.121576 ;
1.000000 -1.000000 0.153179 ;
1.000000 -0.931035 0.121576 ;
-1.000000 -0.931035 0.198344 ;
-0.931035 -0.931035 0.198344 ;
-0.931035 -0.862069 0.153375 ;
-1.000000 -0.862069 0.153375 ;
-0.931035 -0.931035 0.198344 ;
-0.862069 -0.931035 0.182505 ;
-0.862069 -0.862069 0.147720 ;
-0.931035 -0.862069 0.153375 ;
-0.862069 -0.931035 0.182505 ;
-0.793103 -0.931035 0.181022 ;
-0.793103 -0.862069 0.138230 ;
-0.862069 -0.862069 0.147720 ;
-0.793103 -0.931035 0.181022 ;
-0.724138 -0.931035 0.181022 ;
-0.724138 -0.862069 0.138230 ;
-0.793103 -0.862069 0.138230 ;
-0.655172 -0.931035 0.181022 ;
-0.655172 -0.862069 0.138230 ;
-0.655172 -0.931035 0.181022 ;
-0.586207 -0.931035 0.175459 ;
-0.586207 -0.862069 0.135483 ;
-0.655172 -0.862069 0.138230 ;
-0.586207 -0.931035 0.175459 ;
-0.517241 -0.931035 0.164867 ;
-0.517241 -0.862069 0.128839 ;
-0.586207 -0.862069 0.135483 ;
-0.517241 -0.931035 0.164867 ;
-0.448276 -0.931035 0.154146 ;
-0.448276 -0.862069 0.120841 ;
-0.517241 -0.862069 0.128839 ;
-0.448276 -0.931035 0.154146 ;
-0.379310 -0.931035 0.144576 ;
-0.379310 -0.862069 0.113045 ;
-0.448276 -0.862069 0.120841 ;
-0.379310 -0.931035 0.144576 ;
-0.310345 -0.931035 0.136533 ;
-0.310345 -0.862069 0.106207 ;
-0.379310 -0.862069 0.113045 ;
-0.310345 -0.931035 0.136533 ;
-0.241379 -0.931035 0.130162 ;
-0.241379 -0.862069 0.100692 ;
-0.310345 -0.862069 0.106207 ;
-0.241379 -0.931035 0.130162 ;
-0.172414 -0.931035 0.125527 ;
-0.172414 -0.862069 0.096694 ;
-0.241379 -0.862069 0.100692 ;
-0.172414 -0.931035 0.125527 ;
-0.103448 -0.931035 0.122661 ;
-0.103448 -0.862069 0.094318 ;
-0.172414 -0.862069 0.096694 ;
-0.103448 -0.931035 0.122661 ;
-0.034483 -0.931035 0.121585 ;
-0.034483 -0.862069 0.093620 ;
-0.103448 -0.862069 0.094318 ;
-0.034483 -0.931035 0.121585 ;
0.034483 -0.931035 0.121576 ;
0.034483 -0.862069 0.093620 ;
-0.034483 -0.862069 0.093620 ;
0.034483 -0.931035 0.121576 ;
0.103448 -0.931035 0.121576 ;
0.103448 -0.862069 0.093620 ;
0.034483 -0.862069 0.093620 ;
0.172414 -0.931035 0.121576 ;
0.172414 -0.862069 0.093620 ;
0.241379 -0.931035 0.121576 ;
0.241379 -0.862069 0.093620 ;
0.310345 -0.931035 0.121576 ;
0.310345 -0.862069 0.093620 ;
0.379310 -0.931035 0.121576 ;
0.379310 -0.862069 0.093620 ;
0.448276 -0.931035 0.121576 ;
0.448276 -0.862069 0.093620 ;
0.517241 -0.931035 0.121576 ;
0.517241 -0.862069 0.093620 ;
0.586207 -0.931035 0.121576 ;
0.586207 -0.862069 0.093620 ;
0.655172 -0.931035 0.121576 ;
0.655172 -0.862069 0.093620 ;
0.724138 -0.931035 0.121576 ;
0.724138 -0.862069 0.093620 ;
0.793103 -0.931035 0.121576 ;
0.793103 -0.862069 0.093620 ;
0.862069 -0.931035 0.121576 ;
0.862069 -0.862069 0.093620 ;
0.931034 -0.931035 0.121576 ;
0.931034 -0.862069 0.093620 ;
1.000000 -0.931035 0.121576 ;
1.000000 -0.862069 0.093620 ;
-1.000000 -0.862069 0.153375 ;
-0.931035 -0.862069 0.153375 ;
-0.931035 -0.793103 0.114430 ;
-1.000000 -0.793103 0.114430 ;
-0.931035 -0.862069 0.153375 ;
-0.862069 -0.862069 0.147720 ;
-0.862069 -0.793103 0.111621 ;
-0.931035 -0.793103 0.114430 ;
-0.862069 -0.862069 0.147720 ;
-0.793103 -0.862069 0.138230 ;
-0.793103 -0.793103 0.104861 ;
-0.862069 -0.793103 0.111621 ;
-0.793103 -0.862069 0.138230 ;
-0.724138 -0.862069 0.138230 ;
-0.724138 -0.793103 0.101427 ;
-0.793103 -0.793103 0.104861 ;
-0.724138 -0.862069 0.138230 ;
-0.655172 -0.862069 0.138230 ;
-0.655172 -0.793103 0.101427 ;
-0.724138 -0.793103 0.101427 ;
-0.655172 -0.862069 0.138230 ;
-0.586207 -0.862069 0.135483 ;
-0.586207 -0.793103 0.099812 ;
-0.655172 -0.793103 0.101427 ;
-0.586207 -0.862069 0.135483 ;
-0.517241 -0.862069 0.128839 ;
-0.517241 -0.793103 0.095567 ;
-0.586207 -0.793103 0.099812 ;
-0.517241 -0.862069 0.128839 ;
-0.448276 -0.862069 0.120841 ;
-0.448276 -0.793103 0.089945 ;
-0.517241 -0.793103 0.095567 ;
-0.448276 -0.862069 0.120841 ;
-0.379310 -0.862069 0.113045 ;
-0.379310 -0.793103 0.084075 ;
-0.448276 -0.793103 0.089945 ;
-0.379310 -0.862069 0.113045 ;
-0.310345 -0.862069 0.106207 ;
-0.310345 -0.793103 0.078720 ;
-0.379310 -0.793103 0.084075 ;
-0.310345 -0.862069 0.106207 ;
-0.241379 -0.862069 0.100692 ;
-0.241379 -0.793103 0.074348 ;
-0.310345 -0.793103 0.078720 ;
-0.241379 -0.862069 0.100692 ;
-0.172414 -0.862069 0.096694 ;
-0.172414 -0.793103 0.071240 ;
-0.241379 -0.793103 0.074348 ;
-0.172414 -0.862069 0.096694 ;
-0.103448 -0.862069 0.094318 ;
-0.103448 -0.793103 0.069573 ;
-0.172414 -0.793103 0.071240 ;
-0.103448 -0.862069 0.094318 ;
-0.034483 -0.862069 0.093620 ;
-0.034483 -0.793103 0.069311 ;
-0.103448 -0.793103 0.069573 ;
-0.034483 -0.862069 0.093620 ;
0.034483 -0.862069 0.093620 ;
0.034483 -0.793103 0.069311 ;
-0.034483 -0.793103 0.069311 ;
0.103448 -0.862069 0.093620 ;
0.103448 -0.793103 0.069311 ;
0.172414 -0.862069 0.093620 ;
0.172414 -0.793103 0.069311 ;
0.241379 -0.862069 0.093620 ;
0.241379 -0.793103 0.069311 ;
0.310345 -0.862069 0.093620 ;
0.310345 -0.793103 0.069311 ;
0.379310 -0.862069 0.093620 ;
0.379310 -0.793103 0.069311 ;
0.448276 -0.862069 0.093620 ;
0.448276 -0.793103 0.069311 ;
0.517241 -0.862069 0.093620 ;
0.517241 -0.793103 0.069311 ;
0.586207 -0.862069 0.093620 ;
0.586207 -0.793103 0.069311 ;
0.655172 -0.862069 0.093620 ;
0.655172 -0.793103 0.069311 ;
0.724138 -0.862069 0.093620 ;
0.724138 -0.793103 0.069311 ;
0.793103 -0.862069 0.093620 ;
0.793103 -0.793103 0.069311 ;
0.862069 -0.862069 0.093620 ;
0.862069 -0.793103 0.069311 ;
