M = [-0.034483 -0.448276 0.122195 ;
0.034483 -0.448276 0.122195 ;
0.034483 -0.379310 0.119569 ;
-0.034483 -0.379310 0.119569 ;
0.034483 -0.448276 0.122195 ;
0.103448 -0.448276 0.122195 ;
0.103448 -0.379310 0.119569 ;
0.034483 -0.379310 0.119569 ;
0.172414 -0.448276 0.122195 ;
0.172414 -0.379310 0.119569 ;
0.241379 -0.448276 0.122195 ;
0.241379 -0.379310 0.119569 ;
0.310345 -0.448276 0.122195 ;
0.310345 -0.379310 0.119569 ;
0.379310 -0.448276 0.122195 ;
0.379310 -0.379310 0.119569 ;
0.448276 -0.448276 0.122195 ;
0.448276 -0.379310 0.119569 ;
0.517241 -0.448276 0.122195 ;
0.517241 -0.379310 0.119569 ;
0.586207 -0.448276 0.122195 ;
0.586207 -0.379310 0.119569 ;
0.655172 -0.448276 0.122195 ;
0.655172 -0.379310 0.119569 ;
0.724138 -0.448276 0.122195 ;
0.724138 -0.379310 0.119569 ;
0.793103 -0.448276 0.122195 ;
0.793103 -0.379310 0.119569 ;
0.862069 -0.448276 0.122195 ;
0.862069 -0.379310 0.119569 ;
0.931034 -0.448276 0.122195 ;
0.931034 -0.379310 0.119569 ;
1.000000 -0.448276 0.122195 ;
1.000000 -0.379310 0.119569 ;
-1.000000 -0.379310 0.119938 ;
-0.931035 -0.379310 0.119938 ;
-0.931035 -0.310345 0.127543 ;
-1.000000 -0.310345 0.127543 ;
-0.931035 -0.379310 0.119938 ;
-0.862069 -0.379310 0.119833 ;
-0.862069 -0.310345 0.127543 ;
-0.931035 -0.310345 0.127543 ;
-0.862069 -0.379310 0.119833 ;
-0.793103 -0.379310 0.119561 ;
-0.793103 -0.310345 0.127543 ;
-0.862069 -0.310345 0.127543 ;
-0.793103 -0.379310 0.119561 ;
-0.724138 -0.379310 0.119246 ;
-0.724138 -0.310345 0.127543 ;
-0.793103 -0.310345 0.127543 ;
-0.724138 -0.379310 0.119246 ;
-0.655172 -0.379310 0.119105 ;
-0.655172 -0.310345 0.127563 ;
-0.724138 -0.310345 0.127543 ;
-0.655172 -0.379310 0.119105 ;
-0.586207 -0.379310 0.119197 ;
-0.586207 -0.310345 0.127616 ;
-0.655172 -0.310345 0.127563 ;
-0.586207 -0.379310 0.119197 ;
-0.517241 -0.379310 0.119276 ;
-0.517241 -0.310345 0.127661 ;
-0.586207 -0.310345 0.127616 ;
-0.517241 -0.379310 0.119276 ;
-0.448276 -0.379310 0.119357 ;
-0.448276 -0.310345 0.127707 ;
-0.517241 -0.310345 0.127661 ;
-0.448276 -0.379310 0.119357 ;
-0.379310 -0.379310 0.119423 ;
-0.379310 -0.310345 0.127746 ;
-0.448276 -0.310345 0.127707 ;
-0.379310 -0.379310 0.119423 ;
-0.310345 -0.379310 0.119476 ;
-0.310345 -0.310345 0.127776 ;
-0.379310 -0.310345 0.127746 ;
-0.310345 -0.379310 0.119476 ;
-0.241379 -0.379310 0.119516 ;
-0.241379 -0.310345 0.127799 ;
-0.310345 -0.310345 0.127776 ;
-0.241379 -0.379310 0.119516 ;
-0.172414 -0.379310 0.119545 ;
-0.172414 -0.310345 0.127816 ;
-0.241379 -0.310345 0.127799 ;
-0.172414 -0.379310 0.119545 ;
-0.103448 -0.379310 0.119562 ;
-0.103448 -0.310345 0.127826 ;
-0.172414 -0.310345 0.127816 ;
-0.103448 -0.379310 0.119562 ;
-0.034483 -0.379310 0.119569 ;
-0.034483 -0.310345 0.127830 ;
-0.103448 -0.310345 0.127826 ;
-0.034483 -0.379310 0.119569 ;
0.034483 -0.379310 0.119569 ;
0.034483 -0.310345 0.127830 ;
-0.034483 -0.310345 0.127830 ;
0.034483 -0.379310 0.119569 ;
0.103448 -0.379310 0.119569 ;
0.103448 -0.310345 0.127830 ;
0.034483 -0.310345 0.127830 ;
0.172414 -0.379310 0.119569 ;
0.172414 -0.310345 0.127830 ;
0.241379 -0.379310 0.119569 ;
0.241379 -0.310345 0.127830 ;
0.310345 -0.379310 0.119569 ;
0.310345 -0.310345 0.127830 ;
0.379310 -0.379310 0.119569 ;
0.379310 -0.310345 0.127830 ;
0.448276 -0.379310 0.119569 ;
0.448276 -0.310345 0.127830 ;
0.517241 -0.379310 0.119569 ;
0.517241 -0.310345 0.127830 ;
0.586207 -0.379310 0.119569 ;
0.586207 -0.310345 0.127830 ;
0.655172 -0.379310 0.119569 ;
0.655172 -0.310345 0.127830 ;
0.724138 -0.379310 0.119569 ;
0.724138 -0.310345 0.127830 ;
0.793103 -0.379310 0.119569 ;
0.793103 -0.310345 0.127830 ;
0.862069 -0.379310 0.119569 ;
0.862069 -0.310345 0.127830 ;
0.931034 -0.379310 0.119569 ;
0.931034 -0.310345 0.127830 ;
1.000000 -0.379310 0.119569 ;
1.000000 -0.310345 0.127830 ;
-1.000000 -0.310345 0.127543 ;
-0.931035 -0.310345 0.127543 ;
-0.931035 -0.241379 0.142264 ;
-1.000000 -0.241379 0.142264 ;
-0.862069 -0.310345 0.127543 ;
-0.862069 -0.241379 0.142264 ;
-0.793103 -0.310345 0.127543 ;
-0.793103 -0.241379 0.142264 ;
-0.724138 -0.310345 0.127543 ;
-0.724138 -0.241379 0.142264 ;
-0.724138 -0.310345 0.127543 ;
-0.655172 -0.310345 0.127563 ;
-0.655172 -0.241379 0.142271 ;
-0.724138 -0.241379 0.142264 ;
-0.655172 -0.310345 0.127563 ;
-0.586207 -0.310345 0.127616 ;
-0.586207 -0.241379 0.142289 ;
-0.655172 -0.241379 0.142271 ;
-0.586207 -0.310345 0.127616 ;
-0.517241 -0.310345 0.127661 ;
-0.517241 -0.241379 0.142305 ;
-0.586207 -0.241379 0.142289 ;
-0.517241 -0.310345 0.127661 ;
-0.448276 -0.310345 0.127707 ;
-0.448276 -0.241379 0.142322 ;
-0.517241 -0.241379 0.142305 ;
-0.448276 -0.310345 0.127707 ;
-0.379310 -0.310345 0.127746 ;
-0.379310 -0.241379 0.142337 ;
-0.448276 -0.241379 0.142322 ;
-0.379310 -0.310345 0.127746 ;
-0.310345 -0.310345 0.127776 ;
-0.310345 -0.241379 0.142349 ;
-0.379310 -0.241379 0.142337 ;
-0.310345 -0.310345 0.127776 ;
-0.241379 -0.310345 0.127799 ;
-0.241379 -0.241379 0.142358 ;
-0.310345 -0.241379 0.142349 ;
-0.241379 -0.310345 0.127799 ;
-0.172414 -0.310345 0.127816 ;
-0.172414 -0.241379 0.142365 ;
-0.241379 -0.241379 0.142358 ;
-0.172414 -0.310345 0.127816 ;
-0.103448 -0.310345 0.127826 ;
-0.103448 -0.241379 0.142369 ;
-0.172414 -0.241379 0.142365 ;
-0.103448 -0.310345 0.127826 ;
-0.034483 -0.310345 0.127830 ;
-0.034483 -0.241379 0.142370 ;
-0.103448 -0.241379 0.142369 ;
-0.034483 -0.310345 0.127830 ;
0.034483 -0.310345 0.127830 ;
0.034483 -0.241379 0.142371 ;
-0.034483 -0.241379 0.142370 ;
0.034483 -0.310345 0.127830 ;
0.103448 -0.310345 0.127830 ;
0.103448 -0.241379 0.142371 ;
0.034483 -0.241379 0.142371 ;
0.172414 -0.310345 0.127830 ;
0.172414 -0.241379 0.142371 ;
0.241379 -0.310345 0.127830 ;
0.241379 -0.241379 0.142371 ;
0.310345 -0.310345 0.127830 ;
0.310345 -0.241379 0.142371 ;
0.379310 -0.310345 0.127830 ;
0.379310 -0.241379 0.142371 ;
0.448276 -0.310345 0.127830 ;
0.448276 -0.241379 0.142371 ;
0.517241 -0.310345 0.127830 ;
0.517241 -0.241379 0.142371 ;
0.586207 -0.310345 0.127830 ;
0.586207 -0.241379 0.142371 ;
0.655172 -0.310345 0.127830 ;
0.655172 -0.241379 0.142371 ;
0.724138 -0.310345 0.127830 ;
0.724138 -0.241379 0.142371 ;
0.793103 -0.310345 0.127830 ;
0.793103 -0.241379 0.142371 ;
0.862069 -0.310345 0.127830 ;
0.862069 -0.241379 0.142371 ;
0.931034 -0.310345 0.127830 ;
0.931034 -0.241379 0.142371 ;
1.000000 -0.310345 0.127830 ;
1.000000 -0.241379 0.142371 ;
-1.000000 -0.241379 0.142264 ;
-0.931035 -0.241379 0.142264 ;
-0.931035 -0.172414 0.159830 ;
-1.000000 -0.172414 0.159830 ;
-0.862069 -0.241379 0.142264 ;
-0.862069 -0.172414 0.159830 ;
-0.793103 -0.241379 0.142264 ;
-0.793103 -0.172414 0.159830 ;
-0.724138 -0.241379 0.142264 ;
-0.724138 -0.172414 0.159830 ;
-0.724138 -0.241379 0.142264 ;
-0.655172 -0.241379 0.142271 ;
-0.655172 -0.172414 0.159830 ;
-0.724138 -0.172414 0.159830 ;
-0.655172 -0.241379 0.142271 ;
-0.586207 -0.241379 0.142289 ;
-0.586207 -0.172414 0.159830 ;
-0.655172 -0.172414 0.159830 ;
-0.586207 -0.241379 0.142289 ;
-0.517241 -0.241379 0.142305 ;
-0.517241 -0.172414 0.159830 ;
-0.586207 -0.172414 0.159830 ;
-0.517241 -0.241379 0.142305 ;
-0.448276 -0.241379 0.142322 ;
-0.448276 -0.172414 0.159830 ;
-0.517241 -0.172414 0.159830 ;
-0.448276 -0.241379 0.142322 ;
-0.379310 -0.241379 0.142337 ;
-0.379310 -0.172414 0.159830 ;
-0.448276 -0.172414 0.159830 ;
-0.379310 -0.241379 0.142337 ;
-0.310345 -0.241379 0.142349 ;
-0.310345 -0.172414 0.159830 ;
-0.379310 -0.172414 0.159830 ;
-0.310345 -0.241379 0.142349 ;
-0.241379 -0.241379 0.142358 ;
-0.241379 -0.172414 0.159830 ;
-0.310345 -0.172414 0.159830 ;
-0.241379 -0.241379 0.142358 ;
-0.172414 -0.241379 0.142365 ;
-0.172414 -0.172414 0.159830 ;
-0.241379 -0.172414 0.159830 ;
-0.172414 -0.241379 0.142365 ;
-0.103448 -0.241379 0.142369 ;
-0.103448 -0.172414 0.159830 ;
-0.172414 -0.172414 0.159830 ;
-0.103448 -0.241379 0.142369 ;
-0.034483 -0.241379 0.142370 ;
-0.034483 -0.172414 0.159830 ;
-0.103448 -0.172414 0.159830 ;
-0.034483 -0.241379 0.142370 ;
0.034483 -0.241379 0.142371 ;
0.034483 -0.172414 0.159830 ;
