M = [435415.8  6473984.7 -2727.14;
438607.1  6478973.2 -2689.78;
436153.7  6478655.9 -2873.76;
436362.6  6477648.0 -2908.61;
434758.0  6478414.8 -2852.03;
428985.1  6474059.7 -3248.72;
428324.6  6472099.1 -3264.52;
436285.0  6472935.0 -2636.91;
424845.2  6478049.3 -3397.88;
438285.7  6478804.6 -2747.69;
438294.4  6478807.0 -2742.09;
435057.8  6479386.1 -2951.78;
434910.6  6479378.5 -2953.81;
435418.2  6479260.9 -2913.18;
434980.8  6478907.8 -2878.06;
437822.3  6476685.5 -2802.45;
435252.1  6479150.9 -2890.89;
435337.3  6478611.6 -2791.52;
436027.1  6479092.8 -2959.0;
435010.0  6478279.9 -2804.26;
435349.4  6478793.2 -2795.40;
434188.1  6476929.3 -2937.32;
434000.1  6477946.1 -2934.58;
434406.9  6477840.5 -2870.80;
434838.8  6477865.6 -2866.79;
435516.2  6479081.9 -2847.29;
435727.5  6477982.7 -2825.99;
436253.7  6478378.1 -2870.84];