M= [438607.1  6478973.2 -2693.03;
436188.3  6478714.3 -3012.99;
436408.4  6477539.1 -3148.92;
434750.1  6478414.5 -2861.41;
435433.3  6479276.7 -2986.94;
434996.3  6478925.7 -2884.52;
435399.9  6479369.9 -3040.23;
435280.0  6479185.6 -2943.29;
435431.3  6478554.3 -2829.09;
435718.3  6478378.5 -2870.60;
435848.8  6478323.8 -2882.92;
436257.2  6478303.3 -2970.87;
436356.3  6478326.2 -3010.74;
436123.2  6479126.0 -3181.50;
435029.3  6478277.7 -2818.39;
435714.8  6478879.8 -2906.64;
435812.4  6478885.4 -2944.79;
433986.3  6477951.6 -2945.79;
434402.2  6477841.4 -2874.90;
434830.1  6477863.6 -2889.95;
435548.0  6479076.2 -2858.43;
435715.9  6477879.2 -2931.04;
436303.2  6478469.6 -3000.20];