M= [435420.4  6473985.5 -2501.69;
438607.4  6478970.8 -2464.30;
436121.3  6478517.0 -2550.90;
436265.4  6477832.6 -2577.51;
435104.5  6478421.6 -2525.56;
428984.2  6474061.9 -2752.73;
428328.7  6472096.6 -2762.56;
436282.0  6472728.8 -2428.17;
424892.5  6477753.6 -2727.67;
438332.4  6478843.5 -2476.05;
438332.4  6478843.6 -2477.04;
438428.3  6478929.5 -2467.89;
435250.3  6479180.7 -2550.49;
435246.7  6479184.3 -2550.82;
435284.3  6479162.6 -2552.44;
434728.7  6478597.9 -2540.80;
436392.7  6477699.9 -2573.96;
434823.5  6478683.9 -2554.28;
434852.9  6478641.0 -2535.11;
434880.7  6478664.4 -2550.64;
434720.4  6478365.6 -2531.40;
435134.7  6478653.7 -2534.35;
434470.5  6477627.0 -2570.72;
434835.6  6477865.3 -2548.71;
434840.3  6477865.2 -2549.35;
434921.0  6477888.8 -2545.61;
434997.1  6478881.5 -2544.13;
435659.5  6478165.1 -2527.76;
436098.2  6478226.3 -2534.93];