M = [436106.7  6478464.4 -2430.14;
436225.1  6477899.6 -2433.82;
436230.4  6477908.4 -2437.65;
435274.3  6478409.5 -2398.00;
436280.1  6472637.8 -2338.06;
438325.8  6478830.5 -2365.08;
438325.5  6478830.0 -2362.47;
438367.7  6478868.9 -2356.56;
435234.2  6479116.3 -2418.32;
435235.4  6479117.1 -2418.68;
435236.1  6479115.3 -2417.25;
434701.4  6478559.6 -2423.35;
436107.6  6477873.7 -2429.70;
434731.3  6478616.7 -2428.47;
434733.4  6478613.2 -2426.93;
434734.3  6478614.6 -2427.32;
434665.1  6478401.9 -2396.32;
435092.6  6478618.1 -2411.46;
434570.5  6477875.5 -2404.78;
434967.8  6477926.1 -2399.07;
434972.4  6477926.0 -2399.71;
434975.9  6477928.0 -2399.40;
434928.2  6478810.9 -2417.17;
435609.7  6478195.3 -2417.44;
436042.1  6478214.9 -2439.09];