M = [432405.625000 6738367.000000 -2806.437012 ;
428685.750000 6747059.000000 -2732.552979 ;
428924.500000 6744116.000000 -2881.851074 ;
428709.750000 6736506.000000 -3051.437988 ;
429988.125000 6741155.500000 -2816.403076 ;
426067.500000 6745613.500000 -3084.698975 ;
428972.656250 6746428.000000 -2708.587891 ;
428936.218750 6747379.000000 -2745.384033 ;
431834.093750 6744243.000000 -2786.904053 ;
430363.812500 6742085.500000 -2908.586914 ;
429466.093750 6741304.000000 -2880.406006 ;
431067.343750 6741645.500000 -2832.154053 ;
428147.843750 6741944.000000 -3035.757080 ;
428667.031250 6742558.500000 -2962.087891 ;
426025.343750 6742688.500000 -3214.604980 ;
428930.531250 6738101.500000 -3026.354004 ;
429268.218750 6738107.000000 -2995.992920 ;
431054.343750 6738320.000000 -2797.638916 ;
427885.187500 6735635.500000 -3138.976074 ;
426030.812500 6742050.500000 -3233.996094 ;
427081.156250 6736652.500000 -3189.918945 ;
429050.062500 6735736.000000 -2995.399902 ;
428682.375000 6744196.000000 -2895.897949 ;
426814.812500 6736470.500000 -3229.477051 ;
428148.875000 6744694.500000 -2936.837891 ;
430519.250000 6742344.500000 -2890.374023 ;
425755.125000 6735117.000000 -3265.354980 ;
429987.312500 6744719.000000 -2938.220947 ;
430057.093750 6744467.500000 -2935.799072 ;
426069.093750 6744788.000000 -3081.621094 ;
431513.343750 6738748.000000 -2893.628906 ;
429748.062500 6739535.000000 -2898.153076 ;
430811.406250 6738362.500000 -2824.327881 ;
432390.750000 6742155.500000 -2779.181885 ;
431330.312500 6738064.000000 -2754.343994 ;
429761.625000 6739284.500000 -2937.322021 ;
428673.812500 6735681.500000 -3064.995117 ;
426079.500000 6743487.500000 -3107.083984 ;
427363.625000 6741210.000000 -3140.782959 ;
429220.843750 6736733.000000 -2999.791016 ;
428443.343750 6747126.500000 -2762.804932 ;
427608.375000 6743956.000000 -3030.260986 ;
426824.687500 6737845.500000 -3217.573975 ;
431876.281250 6744467.000000 -2785.176025 ;
426886.156250 6734493.500000 -3220.250000 ;
430256.312500 6740524.500000 -2791.802002 ;
426291.406250 6747359.000000 -3065.799072 ;
429727.250000 6740335.500000 -2893.680908 ;
426551.781250 6746353.500000 -3045.666016 ;
429099.468750 6747113.000000 -2678.968994 ;
431573.750000 6740747.500000 -2832.139893 ;
429280.468750 6737794.500000 -2994.913086 ;
431041.531250 6744009.500000 -2862.594971 ;
426817.656250 6738408.500000 -3221.445068 ;
428142.906250 6743507.000000 -2995.875000 ;
429489.531250 6739728.000000 -2913.503906 ;
429079.937500 6746175.500000 -2693.667969 ;
430524.468750 6739894.000000 -2823.655029 ;
431066.031250 6743383.500000 -2804.955078 ;
426304.750000 6736293.500000 -3269.093994 ;
426126.093750 6748425.500000 -3037.689941 ;
428672.750000 6741933.000000 -2958.902100 ;
426816.062500 6745535.000000 -3002.097900 ;
426825.687500 6745097.500000 -3003.191895 ;
426027.187500 6740975.500000 -3236.971924 ;
430275.312500 6737836.000000 -2902.885986 ;
427877.312500 6746063.000000 -2845.458984 ;
427875.781250 6737886.000000 -3128.183105 ;
427075.968750 6736402.500000 -3205.385986 ;
429900.343750 6746846.500000 -2697.447021 ;
426836.375000 6747410.000000 -2994.649902 ;
427617.968750 6748019.000000 -2879.669922 ;
426569.000000 6739976.500000 -3202.990967 ;
431041.843750 6738620.500000 -2783.100098 ;
427624.812500 6736641.000000 -3149.433105 ;
426296.937500 6735918.500000 -3276.845947 ;
431318.875000 6735714.000000 -2769.167969 ;
431847.906250 6741304.500000 -2780.621094 ;
429499.968750 6735726.500000 -2953.981934 ;
429000.000000 6745940.000000 -2701.707031 ;
431468.812500 6739311.500000 -2878.812012 ;
428991.687500 6745540.000000 -2805.826904 ;
432368.906250 6741106.000000 -2745.106934 ;
427343.625000 6736647.000000 -3165.717041 ;
425895.968750 6739177.500000 -3286.354004 ;
430258.156250 6735211.000000 -2890.747070 ;
431832.031250 6738741.500000 -2869.072021 ;
431567.250000 6740435.000000 -2840.534912 ;
426580.718750 6740539.000000 -3194.083984 ;
425951.718750 6734650.500000 -3269.989990 ;
428408.968750 6744576.500000 -2929.666992 ;
429715.281250 6735259.500000 -2904.449951 ;
430246.687500 6736461.500000 -2876.708984 ;
426288.343750 6739107.000000 -3256.295898 ;
428161.093750 6748883.000000 -2855.389893 ;
427357.156250 6736396.500000 -3181.615967 ;
428395.968750 6741251.000000 -2995.105957 ;
429197.406250 6737408.500000 -3014.510986 ;
429193.500000 6735420.500000 -2978.792969 ;
430084.687500 6743091.500000 -2938.220947 ;
427612.312500 6735141.000000 -3167.434082 ;
430260.687500 6744338.000000 -2911.715088 ;
428443.375000 6742625.500000 -2992.215088 ;
426604.968750 6734499.000000 -3250.886963 ;
431314.656250 6741815.500000 -2841.979980 ;
428664.156250 6740620.500000 -3007.048096 ;
429200.781250 6742072.000000 -2893.575928 ;
428671.468750 6739170.000000 -3022.407959 ;
428942.000000 6735050.500000 -2995.218994 ;
431037.656250 6740221.000000 -2847.740967 ;
428402.531250 6737062.500000 -3088.812012 ;
426548.656250 6747103.500000 -3034.779053 ;
428959.687500 6736801.000000 -3037.091064 ;
430261.500000 6740774.500000 -2789.397949 ;
431597.937500 6742810.000000 -2789.625977 ;
425777.750000 6739805.500000 -3243.349121 ;
427620.093750 6740017.000000 -3132.982910 ;
430519.250000 6744145.000000 -2866.705078 ;
431307.875000 6744191.500000 -2838.363037 ;
429984.000000 6734654.000000 -2918.919922 ;
429984.187500 6745469.000000 -2880.528076 ;
428148.093750 6748258.000000 -2814.452881 ;
426859.812500 6744034.000000 -3006.028076 ;
431853.875000 6742492.000000 -2778.970947 ;
429849.062500 6746184.500000 -2813.485107 ;
427908.281250 6748450.500000 -2846.301025 ;
427344.656250 6734896.500000 -3152.052002 ;
426824.687500 6740546.000000 -3175.608887 ;
428936.812500 6734800.500000 -2988.270996 ;
430977.781250 6740947.500000 -2894.845947 ;
426020.125000 6744239.000000 -3085.907959 ;
431037.406250 6737507.500000 -2780.346924 ;
428153.312500 6741306.000000 -3028.479980 ;
425903.531250 6737739.500000 -3260.952881 ;
432158.812500 6735521.500000 -2761.361084 ;
429205.218750 6735983.000000 -2974.318115 ;
428940.625000 6748491.500000 -2799.447998 ;
428420.218750 6738812.500000 -3084.169922 ;
428133.562500 6736755.500000 -3103.393066 ;
428941.437500 6740427.000000 -2968.458984 ;
431829.406250 6742217.500000 -2778.181885 ;
431587.531250 6742310.000000 -2800.209961 ;
426572.125000 6743727.500000 -3042.266113 ;
427948.406250 6744974.000000 -2878.721924 ;
430786.906250 6739888.500000 -2797.629883 ;
429469.968750 6747793.000000 -2770.575928 ;
428401.187500 6741501.000000 -3000.482910 ;
427875.281250 6738761.500000 -3118.107910 ;
431047.562500 6738895.500000 -2784.419922 ;
427347.468750 6743136.000000 -3070.610107 ;
428948.250000 6734450.500000 -2992.926025 ;
431044.906250 6745072.000000 -2900.863037 ;
429205.187500 6740484.000000 -2941.554932 ;
429189.593750 6737033.500000 -3014.610107 ;
426289.875000 6745483.500000 -3064.378906 ;
430778.343750 6741276.500000 -2863.583008 ;
431829.687500 6740429.500000 -2812.547119 ;
427644.031250 6744767.500000 -2918.477051 ;
428930.531250 6740802.500000 -2956.278076 ;
431796.875000 6740655.000000 -2799.716064 ;
431309.468750 6739765.000000 -2876.933105 ;
427609.937500 6741330.000000 -3100.070068 ;
427922.093750 6748213.000000 -2841.258057 ;
429732.187500 6736972.000000 -2920.632080 ;
430000.375000 6735441.000000 -2909.251953 ;
426293.781250 6742070.000000 -3218.196045 ;
430511.750000 6736581.000000 -2854.787109 ;
428450.656250 6742075.000000 -2995.596924 ;
427870.812500 6743950.500000 -3005.147949 ;
426324.000000 6739919.000000 -3222.092041 ;
426602.812500 6746102.000000 -3039.491943 ;
428409.531250 6741001.000000 -2995.537109 ;
428938.062500 6743865.500000 -2894.113037 ;
430822.593750 6743401.000000 -2831.155029 ;
426295.906250 6737669.000000 -3258.357910 ;
426156.031250 6748962.500000 -3010.355957 ;
428429.812500 6747377.000000 -2764.625977 ;
426799.406250 6746536.000000 -2996.069092 ;
427083.687500 6748480.500000 -2916.957031 ;
430783.031250 6735200.000000 -2845.256104 ;
427364.906250 6745774.000000 -2938.538086 ;
