M = [429084.156250 6736473.000000 -2900.374023 ;
427552.687500 6738580.500000 -3045.655029 ;
428277.781250 6742779.000000 -2875.673096 ;
430992.343750 6743447.500000 -2724.404053 ;
428536.031250 6744374.000000 -2771.697998 ;
428769.375000 6739368.000000 -2883.189941 ;
429986.843750 6736592.000000 -2765.313965 ;
426571.312500 6747290.500000 -2923.070068 ;
430489.843750 6741832.500000 -2759.889893 ;
430974.406250 6735383.500000 -2681.324951 ;
430562.218750 6739905.500000 -2677.735107 ;
430732.000000 6739052.000000 -2663.510010 ;
426584.625000 6740726.000000 -3068.436035 ;
427067.062500 6746780.500000 -2843.207031 ;
428537.875000 6739060.000000 -2926.685059 ;
431696.906250 6738556.500000 -2765.811035 ;
426342.218750 6739893.500000 -3093.198975 ;
427560.468750 6743456.500000 -2917.343994 ;
426570.312500 6740039.000000 -3074.697998 ;
430476.312500 6742083.000000 -2759.481934 ;
427321.218750 6738273.000000 -3046.239014 ;
427177.187500 6743964.500000 -2920.405029 ;
427822.687500 6737137.000000 -2991.042969 ;
427799.250000 6736012.000000 -3044.763916 ;
428537.093750 6742623.500000 -2849.406006 ;
430002.468750 6737341.500000 -2810.762939 ;
427058.187500 6747255.500000 -2840.364014 ;
431398.531250 6740438.500000 -2708.760986 ;
429268.718750 6741733.000000 -2743.335938 ;
429938.625000 6743282.000000 -2799.158936 ;
430725.718750 6741452.500000 -2734.468994 ;
429262.218750 6741420.500000 -2754.768066 ;
429505.906250 6741415.500000 -2738.866943 ;
431222.500000 6743693.000000 -2688.470947 ;
431408.156250 6740000.500000 -2709.667969 ;
428774.843750 6736929.500000 -2923.104004 ;
428531.375000 6743249.000000 -2840.258057 ;
428277.781250 6738278.000000 -2946.030029 ;
428035.906250 6736570.000000 -2979.670898 ;
427314.437500 6741549.000000 -3003.784912 ;
429759.531250 6738284.500000 -2816.476074 ;
427859.656250 6736211.000000 -3016.894043 ;
431496.156250 6740624.000000 -2704.622070 ;
426081.343750 6738173.500000 -3130.274902 ;
429263.531250 6736982.000000 -2871.190918 ;
428522.781250 6741936.000000 -2850.804932 ;
427550.343750 6739368.500000 -3007.486084 ;
426095.937500 6736172.500000 -3159.392090 ;
426815.062500 6738283.500000 -3085.633057 ;
428048.906250 6741696.000000 -2925.259033 ;
427789.562500 6746352.500000 -2754.948975 ;
427573.968750 6747707.500000 -2791.551025 ;
429053.687500 6739512.000000 -2836.010010 ;
430871.531250 6741249.500000 -2753.360107 ;
428024.968750 6741446.500000 -2913.650879 ;
426666.093750 6745538.500000 -2920.185059 ;
426841.125000 6735032.000000 -3138.976074 ;
426818.718750 6736658.000000 -3101.352051 ;
430888.437500 6744762.500000 -2737.810059 ;
427548.781250 6734792.000000 -3056.229980 ;
427345.375000 6744836.500000 -2848.106934 ;
429753.812500 6737109.500000 -2832.154053 ;
425985.531250 6741676.500000 -3109.200928 ;
428816.750000 6737141.500000 -2917.648926 ;
426092.281250 6737798.000000 -3150.127930 ;
426578.093750 6744915.000000 -2944.158936 ;
430499.187500 6744083.000000 -2737.039062 ;
428220.218750 6741817.500000 -2899.415039 ;
428277.750000 6746380.000000 -2702.841064 ;
426548.125000 6747979.000000 -2920.353027 ;
430770.500000 6742702.000000 -2713.792969 ;
430813.750000 6737575.000000 -2674.793945 ;
430014.375000 6745118.500000 -2757.881104 ;
428280.937500 6736627.500000 -2951.275879 ;
427797.156250 6739513.000000 -2979.483887 ;
430475.281250 6735731.500000 -2723.386963 ;
430465.875000 6741583.000000 -2770.405029 ;
430915.531250 6744262.000000 -2721.991943 ;
427063.406250 6747505.500000 -2842.309082 ;
425983.968750 6740701.000000 -3116.121094 ;
430493.781250 6737519.000000 -2728.407959 ;
428735.781250 6735055.000000 -2918.129883 ;
431725.531250 6739931.500000 -2700.590088 ;
426339.125000 6737043.000000 -3122.729980 ;
429282.031250 6735168.500000 -2835.436035 ;
426350.031250 6741168.500000 -3094.814941 ;
426094.343750 6743299.500000 -3019.574951 ;
429061.781250 6735398.500000 -2875.910889 ;
429062.531250 6741737.500000 -2774.382080 ;
427303.000000 6736497.500000 -3055.001953 ;
426761.375000 6747412.000000 -2900.166016 ;
430802.281250 6738825.500000 -2672.333008 ;
428228.562500 6740417.000000 -2919.690918 ;
427067.593750 6745905.000000 -2871.362061 ;
429305.218750 6734480.500000 -2881.222900 ;
426572.656250 6737450.500000 -3106.054932 ;
430245.906250 6737324.000000 -2761.545898 ;
426744.218750 6744786.500000 -2920.038086 ;
430287.812500 6740236.500000 -2704.587891 ;
428035.875000 6744672.000000 -2805.772949 ;
431241.281250 6734690.000000 -2713.885986 ;
428045.031250 6740608.500000 -2919.082031 ;
431215.781250 6735266.000000 -2707.028076 ;
429857.156250 6738470.000000 -2805.770020 ;
426572.875000 6744665.000000 -2946.370117 ;
428277.750000 6747280.000000 -2688.001953 ;
428868.531250 6745930.000000 -2636.406006 ;
430963.718750 6736671.500000 -2685.539062 ;
426637.968750 6747789.500000 -2914.202881 ;
428037.218750 6735732.000000 -3014.803955 ;
430035.750000 6746143.500000 -2665.596924 ;
427080.625000 6737527.500000 -3066.868896 ;
428050.187500 6746259.500000 -2737.922119 ;
430234.187500 6734961.000000 -2759.933105 ;
426339.656250 6736167.500000 -3133.499023 ;
429757.187500 6735471.500000 -2797.311035 ;
428527.750000 6735872.000000 -2933.114014 ;
430988.968750 6737884.000000 -2688.438965 ;
427551.625000 6743932.000000 -2905.593994 ;
426346.656250 6740106.000000 -3091.384033 ;
426987.906250 6743881.000000 -2941.666992 ;
429754.062500 6740722.500000 -2720.907959 ;
428055.437500 6741108.000000 -2934.145996 ;
430265.906250 6744588.000000 -2761.820068 ;
426585.687500 6738976.000000 -3103.039062 ;
431220.187500 6735478.500000 -2702.030029 ;
428775.062500 6743244.000000 -2797.305908 ;
428289.750000 6739753.000000 -2927.172119 ;
426667.375000 6746501.000000 -2922.141113 ;
426812.937500 6746285.500000 -2904.466064 ;
427081.625000 6744779.500000 -2877.914062 ;
429760.312500 6739222.000000 -2800.022949 ;
431223.781250 6744655.500000 -2707.498047 ;
428744.093750 6739056.000000 -2904.437988 ;
426814.281250 6740046.500000 -3048.625977 ;
430419.781250 6744772.500000 -2739.927002 ;
430268.562500 6735710.500000 -2747.743896 ;
428768.343750 6734816.500000 -2930.726074 ;
426841.875000 6736870.000000 -3096.337891 ;
428049.687500 6740833.500000 -2923.187012 ;
430095.625000 6742716.000000 -2792.885986 ;
427334.468750 6740710.500000 -2992.169922 ;
427803.906250 6742539.000000 -2920.326904 ;
426338.062500 6743294.500000 -3011.851074 ;
430023.281250 6738341.500000 -2790.333984 ;
426816.875000 6737470.500000 -3087.087891 ;
426829.343750 6747973.000000 -2869.719971 ;
430092.281250 6737152.500000 -2777.279053 ;
426571.375000 6738288.500000 -3115.635986 ;
428285.843750 6744066.500000 -2817.822998 ;
427561.500000 6741706.000000 -2985.216064 ;
431556.843750 6739035.000000 -2739.555908 ;
428775.625000 6737867.500000 -2905.292969 ;
426024.562500 6743551.000000 -3007.964111 ;
427555.000000 6741393.500000 -2972.449951 ;
426084.718750 6739236.500000 -3143.262939 ;
427582.312500 6747207.000000 -2777.347900 ;
431387.593750 6740814.000000 -2721.102051 ;
426360.187500 6740756.000000 -3086.558105 ;
428291.343750 6737127.500000 -2966.230957 ;
431095.937500 6744821.000000 -2722.002930 ;
427588.031250 6746582.000000 -2775.840088 ;
428780.281250 6743493.500000 -2784.655029 ;
430001.656250 6740905.000000 -2676.362061 ;
428647.781250 6738032.500000 -2916.733887 ;
427791.937500 6739263.000000 -2985.378906 ;
426612.718750 6743876.500000 -2944.228027 ;
431742.218750 6738931.000000 -2764.135986 ;
427823.187500 6740763.000000 -2948.738037 ;
427330.593750 6736022.000000 -3085.229004 ;
429022.906250 6745239.000000 -2675.678955 ;
427805.218750 6741701.000000 -2953.789062 ;
430730.937500 6741702.500000 -2721.449951 ;
428375.437500 6738463.500000 -2937.189941 ;
429536.375000 6741977.500000 -2703.052002 ;
428531.656250 6736959.500000 -2950.162109 ;
426573.937500 6742014.500000 -3081.613037 ;
431015.812500 6734670.000000 -2732.379883 ;
429267.687500 6738982.500000 -2843.583008 ;
429041.718750 6736236.500000 -2865.378906 ;
430252.656250 6738549.500000 -2753.955078 ;
