M = [9973.1318359375 5383.5830078125 -2527.6708984375;
10169.009765625 5383.5830078125 -2527.342529296875;
9973.1318359375 5518.2021484375 -2528.01318359375;
10169.009765625 5518.2021484375 -2527.6953125;
10364.888671875 5383.5830078125 -2527.00244140625;
10364.888671875 5518.2021484375 -2527.369873046875;
10560.7666015625 5383.5830078125 -2526.6552734375;
10560.7666015625 5518.2021484375 -2527.04150390625;
10756.64453125 5383.5830078125 -2526.305908203125;
10756.64453125 5518.2021484375 -2526.71533203125;
10952.5234375 5383.5830078125 -2525.958740234375;
10952.5234375 5518.2021484375 -2526.396240234375;
11148.4013671875 5383.5830078125 -2525.61865234375;
11148.4013671875 5518.2021484375 -2526.089599609375;
11344.279296875 5383.5830078125 -2525.288330078125;
11344.279296875 5518.2021484375 -2525.796630859375;
11540.158203125 5383.5830078125 -2524.957275390625;
11540.158203125 5518.2021484375 -2525.49951171875;
11736.0361328125 5383.5830078125 -2524.60986328125;
11736.0361328125 5518.2021484375 -2525.17236328125;
11931.9150390625 5383.5830078125 -2524.23095703125;
11931.9150390625 5518.2021484375 -2524.7900390625;
12127.79296875 5383.5830078125 -2523.805419921875;
12127.79296875 5518.2021484375 -2524.3271484375;
12323.6708984375 5383.5830078125 -2523.31787109375;
12323.6708984375 5518.2021484375 -2523.7587890625;
12519.5498046875 5383.5830078125 -2522.759765625;
12519.5498046875 5518.2021484375 -2523.069091796875;
12715.427734375 5383.5830078125 -2522.18359375;
12715.427734375 5518.2021484375 -2522.326904296875;
12911.3056640625 5383.5830078125 -2521.673095703125;
12911.3056640625 5518.2021484375 -2521.64453125;
13107.1845703125 5383.5830078125 -2521.311767578125;
13107.1845703125 5518.2021484375 -2521.134765625;
13303.0625 5383.5830078125 -2521.188720703125;
13303.0625 5518.2021484375 -2520.9228515625;
13498.9404296875 5383.5830078125 -2521.395263671875;
13498.9404296875 5518.2021484375 -2521.139892578125;
13694.8193359375 5383.5830078125 -2522.01171875;
13694.8193359375 5518.2021484375 -2521.906494140625;
15457.7236328125 5383.5830078125 -2518.58984375;
15457.7236328125 5518.2021484375 -2522.322021484375;
15653.6015625 5383.5830078125 -2514.17236328125;
15653.6015625 5518.2021484375 -2516.931640625;
15849.48046875 5383.5830078125 -2509.355712890625;
15849.48046875 5518.2021484375 -2510.658447265625;
16045.3583984375 5383.5830078125 -2504.622314453125;
16045.3583984375 5518.2021484375 -2504.22265625;
16241.236328125 5383.5830078125 -2500.39990234375;
16241.236328125 5518.2021484375 -2498.71435546875;
16437.115234375 5383.5830078125 -2497.04248046875;
16437.115234375 5518.2021484375 -2495.569580078125;
16632.994140625 5383.5830078125 -2494.945556640625;
16632.994140625 5518.2021484375 -2495.94482421875;
16828.87109375 5383.5830078125 -2493.695068359375;
16828.87109375 5518.2021484375 -2498.756591796875;
17024.75 5383.5830078125 -2491.624267578125;
17024.75 5518.2021484375 -2498.2060546875;
17220.62890625 5383.5830078125 -2487.778564453125;
17220.62890625 5518.2021484375 -2490.349853515625;
17416.505859375 5383.5830078125 -2483.061279296875;
17416.505859375 5518.2021484375 -2478.41064453125;
17612.384765625 5383.5830078125 -2481.8125;
17612.384765625 5518.2021484375 -2469.894287109375;
17808.263671875 5383.5830078125 -2489.480224609375;
17808.263671875 5518.2021484375 -2482.102783203125;
18004.140625 5383.5830078125 -2501.98779296875;
18004.140625 5518.2021484375 -2502.09130859375;
18200.01953125 5383.5830078125 -2499.1005859375;
18200.01953125 5518.2021484375 -2504.02197265625;
18395.8984375 5383.5830078125 -2501.773681640625;
18395.8984375 5518.2021484375 -2505.493896484375;
18591.775390625 5383.5830078125 -2505.7978515625;
18591.775390625 5518.2021484375 -2510.09326171875;
18787.654296875 5383.5830078125 -2506.497802734375;
18787.654296875 5518.2021484375 -2510.595947265625;
18983.533203125 5383.5830078125 -2506.7001953125;
18983.533203125 5518.2021484375 -2510.204833984375;
19179.41015625 5383.5830078125 -2507.0107421875;
19179.41015625 5518.2021484375 -2509.978759765625;
19375.2890625 5383.5830078125 -2507.410400390625;
19375.2890625 5518.2021484375 -2509.878173828125;
19571.16796875 5383.5830078125 -2507.796142578125;
19571.16796875 5518.2021484375 -2509.8134765625;
9973.1318359375 5652.82177734375 -2528.32470703125;
10169.009765625 5652.82177734375 -2528.01708984375;
10364.888671875 5652.82177734375 -2527.70751953125;
10560.7666015625 5652.82177734375 -2527.4013671875;
10756.64453125 5652.82177734375 -2527.10400390625;
10952.5234375 5652.82177734375 -2526.821044921875;
11148.4013671875 5652.82177734375 -2526.5576171875;
11344.279296875 5652.82177734375 -2526.314453125;
11540.158203125 5652.82177734375 -2526.063720703125;
11736.0361328125 5652.82177734375 -2525.76708984375;
11931.9150390625 5652.82177734375 -2525.38623046875;
12127.79296875 5652.82177734375 -2524.885009765625;
12323.6708984375 5652.82177734375 -2524.227783203125;
12519.5498046875 5652.82177734375 -2523.390380859375;
12715.427734375 5652.82177734375 -2522.451171875;
12911.3056640625 5652.82177734375 -2521.541748046875;
13107.1845703125 5652.82177734375 -2520.796142578125;
13303.0625 5652.82177734375 -2520.375732421875;
13498.9404296875 5652.82177734375 -2520.458984375;
13694.8193359375 5652.82177734375 -2521.216064453125;
15457.7236328125 5652.82177734375 -2527.02099609375;
15653.6015625 5652.82177734375 -2520.407470703125;
15849.48046875 5652.82177734375 -2511.602294921875;
16045.3583984375 5652.82177734375 -2501.92041015625;
16241.236328125 5652.82177734375 -2493.841796875;
16437.115234375 5652.82177734375 -2490.920654296875;
16632.994140625 5652.82177734375 -2495.14794921875;
16828.87109375 5652.82177734375 -2505.3779296875;
17024.75 5652.82177734375 -2504.449951171875;
17220.62890625 5652.82177734375 -2501.230712890625;
17416.505859375 5652.82177734375 -2484.894775390625;
17612.384765625 5652.82177734375 -2474.729248046875;
17808.263671875 5652.82177734375 -2470.86376953125;
18004.140625 5652.82177734375 -2478.204345703125;
18200.01953125 5652.82177734375 -2501.69775390625;
18395.8984375 5652.82177734375 -2512.421875;
18591.775390625 5652.82177734375 -2517.342041015625;
18787.654296875 5652.82177734375 -2516.59521484375;
18983.533203125 5652.82177734375 -2514.7724609375;
19179.41015625 5652.82177734375 -2513.65283203125;
19375.2890625 5652.82177734375 -2512.8896484375;
19571.16796875 5652.82177734375 -2512.2255859375;
9973.1318359375 5787.44140625 -2528.57763671875;
10169.009765625 5787.44140625 -2528.278564453125;
10364.888671875 5787.44140625 -2527.986328125;
10560.7666015625 5787.44140625 -2527.70703125;
10756.64453125 5787.44140625 -2527.446533203125;
10952.5234375 5787.44140625 -2527.21044921875;
11148.4013671875 5787.44140625 -2527.0048828125;
11344.279296875 5787.44140625 -2526.828857421875;
11540.158203125 5787.44140625 -2526.642822265625;
11736.0361328125 5787.44140625 -2526.392822265625;
11931.9150390625 5787.44140625 -2526.026123046875;
12127.79296875 5787.44140625 -2525.495361328125;
12323.6708984375 5787.44140625 -2524.755126953125;
12519.5498046875 5787.44140625 -2523.772705078125;
12715.427734375 5787.44140625 -2522.620361328125;
12911.3056640625 5787.44140625 -2521.424560546875;
13107.1845703125 5787.44140625 -2520.318115234375;
13303.0625 5787.44140625 -2519.49267578125;
13498.9404296875 5787.44140625 -2519.176025390625;
13694.8193359375 5787.44140625 -2519.598388671875;
15653.6015625 5787.44140625 -2525.263427734375;
15849.48046875 5787.44140625 -2513.4453125;
16045.3583984375 5787.44140625 -2497.606201171875;
16241.236328125 5787.44140625 -2483.34716796875;
16437.115234375 5787.44140625 -2482.005126953125;
16632.994140625 5787.44140625 -2488.0205078125;
16828.87109375 5787.44140625 -2493.2236328125;
17024.75 5787.44140625 -2496.16943359375;
17220.62890625 5787.44140625 -2491.767578125;
17416.505859375 5787.44140625 -2485.456787109375;
17612.384765625 5787.44140625 -2472.635498046875;
17808.263671875 5787.44140625 -2465.181640625;
