M = [11846.919921875 5608.0732421875 -2349.90087890625;
12009.173828125 5608.0732421875 -2350.07080078125;
11846.919921875 5736.51123046875 -2350.1201171875;
12009.173828125 5736.51123046875 -2350.37646484375;
12171.427734375 5608.0732421875 -2350.275390625;
12171.427734375 5736.51123046875 -2350.686767578125;
12333.6806640625 5608.0732421875 -2350.49072265625;
12333.6806640625 5736.51123046875 -2351.015625;
12495.9345703125 5608.0732421875 -2350.69189453125;
12495.9345703125 5736.51123046875 -2351.326171875;
12658.1884765625 5608.0732421875 -2350.855224609375;
12658.1884765625 5736.51123046875 -2351.582763671875;
12820.44140625 5608.0732421875 -2350.9560546875;
12820.44140625 5736.51123046875 -2351.7490234375;
12982.6953125 5608.0732421875 -2350.97900390625;
12982.6953125 5736.51123046875 -2351.80078125;
13144.94921875 5608.0732421875 -2350.962890625;
13144.94921875 5736.51123046875 -2351.78662109375;
13307.2021484375 5608.0732421875 -2350.96533203125;
13307.2021484375 5736.51123046875 -2351.780029296875;
13469.4560546875 5608.0732421875 -2351.044921875;
13469.4560546875 5736.51123046875 -2351.8564453125;
16390.021484375 5608.0732421875 -2333.596435546875;
16390.021484375 5736.51123046875 -2334.2763671875;
16552.275390625 5608.0732421875 -2328.371826171875;
16552.275390625 5736.51123046875 -2328.112548828125;
16714.52734375 5608.0732421875 -2323.524658203125;
16714.52734375 5736.51123046875 -2322.814453125;
16876.78125 5608.0732421875 -2319.51318359375;
16876.78125 5736.51123046875 -2319.441650390625;
17039.03515625 5608.0732421875 -2316.364013671875;
17039.03515625 5736.51123046875 -2317.96875;
17201.2890625 5608.0732421875 -2313.4619140625;
17201.2890625 5736.51123046875 -2316.777587890625;
17363.54296875 5608.0732421875 -2310.1650390625;
17363.54296875 5736.51123046875 -2313.225830078125;
17525.796875 5608.0732421875 -2306.54296875;
17525.796875 5736.51123046875 -2307.921875;
17688.05078125 5608.0732421875 -2303.34228515625;
17688.05078125 5736.51123046875 -2305.816162109375;
17850.302734375 5608.0732421875 -2300.578369140625;
17850.302734375 5736.51123046875 -2298.3095703125;
18012.556640625 5608.0732421875 -2299.032470703125;
18012.556640625 5736.51123046875 -2298.12744140625;
18174.810546875 5608.0732421875 -2299.067138671875;
18174.810546875 5736.51123046875 -2302.384033203125;
18337.064453125 5608.0732421875 -2305.026611328125;
18337.064453125 5736.51123046875 -2307.25146484375;
18499.318359375 5608.0732421875 -2304.057373046875;
18499.318359375 5736.51123046875 -2310.70263671875;
18661.572265625 5608.0732421875 -2302.41748046875;
18661.572265625 5736.51123046875 -2309.457763671875;
18823.82421875 5608.0732421875 -2309.062255859375;
18823.82421875 5736.51123046875 -2312.5966796875;
18986.078125 5608.0732421875 -2315.6396484375;
18986.078125 5736.51123046875 -2319.06787109375;
19148.33203125 5608.0732421875 -2319.875244140625;
19148.33203125 5736.51123046875 -2322.46923828125;
19310.5859375 5608.0732421875 -2322.5302734375;
19310.5859375 5736.51123046875 -2324.555419921875;
19472.83984375 5608.0732421875 -2324.40673828125;
19472.83984375 5736.51123046875 -2326.0302734375;
19635.09375 5608.0732421875 -2325.805908203125;
19635.09375 5736.51123046875 -2327.12060546875;
19797.34765625 5608.0732421875 -2326.8720703125;
19797.34765625 5736.51123046875 -2327.94140625;
11846.919921875 5864.94921875 -2350.294189453125;
12009.173828125 5864.94921875 -2350.652587890625;
12171.427734375 5864.94921875 -2351.09033203125;
12333.6806640625 5864.94921875 -2351.558837890625;
12495.9345703125 5864.94921875 -2352.008544921875;
12658.1884765625 5864.94921875 -2352.38916015625;
12820.44140625 5864.94921875 -2352.649658203125;
12982.6953125 5864.94921875 -2352.75390625;
13144.94921875 5864.94921875 -2352.752197265625;
13307.2021484375 5864.94921875 -2352.725341796875;
16552.275390625 5864.94921875 -2327.86279296875;
16714.52734375 5864.94921875 -2321.708984375;
16876.78125 5864.94921875 -2319.282958984375;
17039.03515625 5864.94921875 -2320.49462890625;
17201.2890625 5864.94921875 -2320.723876953125;
17363.54296875 5864.94921875 -2318.732177734375;
17525.796875 5864.94921875 -2301.275390625;
17688.05078125 5864.94921875 -2303.35107421875;
17850.302734375 5864.94921875 -2295.379638671875;
18012.556640625 5864.94921875 -2298.298583984375;
18174.810546875 5864.94921875 -2312.71435546875;
18337.064453125 5864.94921875 -2315.7060546875;
18499.318359375 5864.94921875 -2324.729736328125;
18661.572265625 5864.94921875 -2325.1533203125;
18823.82421875 5864.94921875 -2320.4130859375;
18986.078125 5864.94921875 -2324.3681640625;
19148.33203125 5864.94921875 -2326.017822265625;
19310.5859375 5864.94921875 -2327.198974609375;
19472.83984375 5864.94921875 -2328.09814453125;
19635.09375 5864.94921875 -2328.776611328125;
19797.34765625 5864.94921875 -2329.277587890625;
11846.919921875 5993.38671875 -2350.3974609375;
12009.173828125 5993.38671875 -2350.868408203125;
12171.427734375 5993.38671875 -2351.45166015625;
12333.6806640625 5993.38671875 -2352.08544921875;
12495.9345703125 5993.38671875 -2352.707763671875;
12658.1884765625 5993.38671875 -2353.251953125;
12820.44140625 5993.38671875 -2353.6513671875;
12982.6953125 5993.38671875 -2353.853515625;
13144.94921875 5993.38671875 -2353.89306640625;
13307.2021484375 5993.38671875 -2353.835693359375;
16552.275390625 5993.38671875 -2328.1591796875;
16714.52734375 5993.38671875 -2319.3994140625;
16876.78125 5993.38671875 -2317.0654296875;
17039.03515625 5993.38671875 -2319.699462890625;
17201.2890625 5993.38671875 -2317.344482421875;
17363.54296875 5993.38671875 -2309.1083984375;
17525.796875 5993.38671875 -2294.431396484375;
17688.05078125 5993.38671875 -2294.18798828125;
17850.302734375 5993.38671875 -2293.393798828125;
18012.556640625 5993.38671875 -2301.8125;
18174.810546875 5993.38671875 -2321.62158203125;
18337.064453125 5993.38671875 -2328.307373046875;
18499.318359375 5993.38671875 -2332.166748046875;
18661.572265625 5993.38671875 -2330.4287109375;
18823.82421875 5993.38671875 -2328.18701171875;
18986.078125 5993.38671875 -2329.12646484375;
19148.33203125 5993.38671875 -2329.550537109375;
19310.5859375 5993.38671875 -2330.001953125;
19472.83984375 5993.38671875 -2330.36181640625;
19635.09375 5993.38671875 -2330.621337890625;
19797.34765625 5993.38671875 -2330.782958984375;
11846.919921875 6121.82470703125 -2350.39599609375;
12009.173828125 6121.82470703125 -2350.980224609375;
12171.427734375 6121.82470703125 -2351.71826171875;
12333.6806640625 6121.82470703125 -2352.539306640625;
12495.9345703125 6121.82470703125 -2353.371337890625;
12658.1884765625 6121.82470703125 -2354.133056640625;
12820.44140625 6121.82470703125 -2354.740478515625;
12982.6953125 6121.82470703125 -2355.120361328125;
13144.94921875 6121.82470703125 -2355.26220703125;
16552.275390625 6121.82470703125 -2329.023681640625;
16714.52734375 6121.82470703125 -2316.7451171875;
16876.78125 6121.82470703125 -2313.06591796875;
17039.03515625 6121.82470703125 -2305.470458984375;
17201.2890625 6121.82470703125 -2305.33203125;
17363.54296875 6121.82470703125 -2297.24609375;
17525.796875 6121.82470703125 -2292.77099609375;
17688.05078125 6121.82470703125 -2298.606201171875;
17850.302734375 6121.82470703125 -2302.38232421875;
18012.556640625 6121.82470703125 -2311.1279296875;
18174.810546875 6121.82470703125 -2326.63720703125;
18337.064453125 6121.82470703125 -2329.96533203125;
18499.318359375 6121.82470703125 -2331.322265625;
18661.572265625 6121.82470703125 -2327.339599609375;
18823.82421875 6121.82470703125 -2332.022705078125;
18986.078125 6121.82470703125 -2331.783935546875;
19148.33203125 6121.82470703125 -2332.17626953125;
19310.5859375 6121.82470703125 -2332.553466796875;
19472.83984375 6121.82470703125 -2332.615966796875;
19635.09375 6121.82470703125 -2332.5263671875;
19797.34765625 6121.82470703125 -2332.369873046875;
11846.919921875 6250.2626953125 -2350.2119140625;
12009.173828125 6250.2626953125 -2350.87939453125;
