M = [11125.412109375 5474.34521484375 -2877.3330078125;
11291.4462890625 5474.34521484375 -2873.961181640625;
11125.412109375 5606.2470703125 -2880.7509765625;
11291.4462890625 5606.2470703125 -2877.052490234375;
11457.48046875 5474.34521484375 -2870.2490234375;
11457.48046875 5606.2470703125 -2872.95703125;
11623.515625 5474.34521484375 -2866.2880859375;
11623.515625 5606.2470703125 -2868.58349609375;
11789.5498046875 5474.34521484375 -2862.16943359375;
11789.5498046875 5606.2470703125 -2864.051025390625;
11955.583984375 5474.34521484375 -2857.984375;
11955.583984375 5606.2470703125 -2859.478515625;
12121.6181640625 5474.34521484375 -2853.82421875;
12121.6181640625 5606.2470703125 -2854.98486328125;
12287.65234375 5474.34521484375 -2849.771484375;
12287.65234375 5606.2470703125 -2850.674560546875;
12453.6865234375 5474.34521484375 -2845.85498046875;
12453.6865234375 5606.2470703125 -2846.56689453125;
12619.7216796875 5474.34521484375 -2842.085693359375;
12619.7216796875 5606.2470703125 -2842.649658203125;
12785.755859375 5474.34521484375 -2838.47216796875;
12785.755859375 5606.2470703125 -2838.90771484375;
12951.7900390625 5474.34521484375 -2835.01708984375;
12951.7900390625 5606.2470703125 -2835.2998046875;
13117.82421875 5474.34521484375 -2831.7197265625;
13117.82421875 5606.2470703125 -2831.774169921875;
13283.8583984375 5474.34521484375 -2828.587158203125;
13283.8583984375 5606.2470703125 -2828.295166015625;
13449.892578125 5474.34521484375 -2825.6923828125;
13449.892578125 5606.2470703125 -2824.967529296875;
13615.927734375 5474.34521484375 -2823.14208984375;
13615.927734375 5606.2470703125 -2821.968017578125;
13781.9619140625 5474.34521484375 -2821.050537109375;
13781.9619140625 5606.2470703125 -2819.489501953125;
13947.99609375 5474.34521484375 -2819.602783203125;
13947.99609375 5606.2470703125 -2817.890380859375;
14114.0302734375 5474.34521484375 -2819.027587890625;
14114.0302734375 5606.2470703125 -2817.63037109375;
14280.064453125 5474.34521484375 -2819.517822265625;
14280.064453125 5606.2470703125 -2819.1083984375;
14446.0986328125 5474.34521484375 -2820.773681640625;
14446.0986328125 5606.2470703125 -2821.890869140625;
14612.1337890625 5474.34521484375 -2822.139892578125;
14612.1337890625 5606.2470703125 -2824.940673828125;
14778.16796875 5474.34521484375 -2822.96240234375;
14778.16796875 5606.2470703125 -2827.22119140625;
14944.2021484375 5474.34521484375 -2822.730712890625;
14944.2021484375 5606.2470703125 -2828.017822265625;
15110.236328125 5474.34521484375 -2821.05810546875;
15110.236328125 5606.2470703125 -2826.899658203125;
15276.2705078125 5474.34521484375 -2817.570068359375;
15276.2705078125 5606.2470703125 -2823.48779296875;
15442.3046875 5474.34521484375 -2812.1396484375;
15442.3046875 5606.2470703125 -2817.737548828125;
15608.33984375 5474.34521484375 -2804.882080078125;
15608.33984375 5606.2470703125 -2809.89599609375;
15774.3740234375 5474.34521484375 -2795.906982421875;
15774.3740234375 5606.2470703125 -2800.06005859375;
15940.408203125 5474.34521484375 -2785.55419921875;
15940.408203125 5606.2470703125 -2788.377197265625;
16106.4423828125 5474.34521484375 -2774.47314453125;
16106.4423828125 5606.2470703125 -2775.2685546875;
16272.4765625 5474.34521484375 -2763.49560546875;
16272.4765625 5606.2470703125 -2762.02880859375;
16438.51171875 5474.34521484375 -2753.469970703125;
16438.51171875 5606.2470703125 -2750.434814453125;
16604.544921875 5474.34521484375 -2745.184326171875;
16604.544921875 5606.2470703125 -2742.06494140625;
16770.580078125 5474.34521484375 -2739.357177734375;
16770.580078125 5606.2470703125 -2738.67431640625;
16936.615234375 5474.34521484375 -2735.254638671875;
16936.615234375 5606.2470703125 -2739.01025390625;
17102.6484375 5474.34521484375 -2729.7021484375;
17102.6484375 5606.2470703125 -2735.672119140625;
17268.68359375 5474.34521484375 -2721.84228515625;
17268.68359375 5606.2470703125 -2725.037109375;
17434.716796875 5474.34521484375 -2713.0419921875;
18264.888671875 5474.34521484375 -2648.162353515625;
18264.888671875 5606.2470703125 -2643.811279296875;
18430.923828125 5474.34521484375 -2650.520751953125;
18430.923828125 5606.2470703125 -2651.52001953125;
18596.95703125 5474.34521484375 -2659.349609375;
18596.95703125 5606.2470703125 -2659.8310546875;
18762.9921875 5474.34521484375 -2667.0888671875;
18762.9921875 5606.2470703125 -2667.435791015625;
18929.02734375 5474.34521484375 -2673.296142578125;
18929.02734375 5606.2470703125 -2673.550537109375;
19095.060546875 5474.34521484375 -2678.730224609375;
19095.060546875 5606.2470703125 -2678.800537109375;
19261.095703125 5474.34521484375 -2683.870849609375;
19261.095703125 5606.2470703125 -2683.76123046875;
11125.412109375 5738.14892578125 -2884.49462890625;
11291.4462890625 5738.14892578125 -2880.416015625;
11457.48046875 5738.14892578125 -2875.867919921875;
11623.515625 5738.14892578125 -2871.003662109375;
11789.5498046875 5738.14892578125 -2865.97509765625;
11955.583984375 5738.14892578125 -2860.933837890625;
12121.6181640625 5738.14892578125 -2856.031005859375;
12287.65234375 5738.14892578125 -2851.399658203125;
12453.6865234375 5738.14892578125 -2847.06591796875;
12619.7216796875 5738.14892578125 -2843.01708984375;
12785.755859375 5738.14892578125 -2839.225830078125;
12951.7900390625 5738.14892578125 -2835.55810546875;
13117.82421875 5738.14892578125 -2831.8330078125;
13283.8583984375 5738.14892578125 -2827.9033203125;
13449.892578125 5738.14892578125 -2823.907958984375;
13615.927734375 5738.14892578125 -2820.1328125;
13781.9619140625 5738.14892578125 -2816.89501953125;
13947.99609375 5738.14892578125 -2814.831298828125;
14114.0302734375 5738.14892578125 -2814.774658203125;
14280.064453125 5738.14892578125 -2817.46435546875;
14446.0986328125 5738.14892578125 -2822.291748046875;
14612.1337890625 5738.14892578125 -2827.65576171875;
14778.16796875 5738.14892578125 -2831.8974609375;
14944.2021484375 5738.14892578125 -2833.8994140625;
15110.236328125 5738.14892578125 -2833.090576171875;
15276.2705078125 5738.14892578125 -2829.22509765625;
15442.3046875 5738.14892578125 -2822.71142578125;
15608.33984375 5738.14892578125 -2814.3779296875;
15774.3740234375 5738.14892578125 -2804.319091796875;
15940.408203125 5738.14892578125 -2791.871826171875;
16106.4423828125 5738.14892578125 -2776.592041015625;
16272.4765625 5738.14892578125 -2760.4296875;
16438.51171875 5738.14892578125 -2747.626708984375;
16604.544921875 5738.14892578125 -2738.368408203125;
16770.580078125 5738.14892578125 -2734.6572265625;
16936.615234375 5738.14892578125 -2742.125;
17102.6484375 5738.14892578125 -2734.791015625;
17268.68359375 5738.14892578125 -2719.685302734375;
18430.923828125 5738.14892578125 -2666.211669921875;
18596.95703125 5738.14892578125 -2666.364501953125;
18762.9921875 5738.14892578125 -2671.4296875;
18929.02734375 5738.14892578125 -2676.125732421875;
19095.060546875 5738.14892578125 -2680.552978515625;
19261.095703125 5738.14892578125 -2684.95068359375;
11125.412109375 5870.05078125 -2888.681640625;
11291.4462890625 5870.05078125 -2884.175537109375;
11457.48046875 5870.05078125 -2879.10791015625;
11623.515625 5870.05078125 -2873.669677734375;
11789.5498046875 5870.05078125 -2868.05126953125;
11955.583984375 5870.05078125 -2862.43896484375;
12121.6181640625 5870.05078125 -2857.01806640625;
12287.65234375 5870.05078125 -2851.9580078125;
12453.6865234375 5870.05078125 -2847.33203125;
12619.7216796875 5870.05078125 -2843.1796875;
12785.755859375 5870.05078125 -2839.496826171875;
12951.7900390625 5870.05078125 -2835.97021484375;
13117.82421875 5870.05078125 -2832.1533203125;
13283.8583984375 5870.05078125 -2827.662841796875;
13449.892578125 5870.05078125 -2822.670166015625;
13615.927734375 5870.05078125 -2817.628662109375;
13781.9619140625 5870.05078125 -2813.037841796875;
13947.99609375 5870.05078125 -2809.93017578125;
14114.0302734375 5870.05078125 -2809.689453125;
14280.064453125 5870.05078125 -2813.6240234375;
14446.0986328125 5870.05078125 -2821.126220703125;
